750
218 221
501 503
131 133
191 195
339 341
96 97
324 327
198 199
929 930
793 794
601 603
816 817
252 253
980 981
444 445
57 58
372 373
701 703
956 957
365 366
99 101
59 61
910 911
564 566
751 752
740 744
568 571
114 115
153 155
871 872
129 130
840 841
413 414
200 204
496 498
941 943
71 72
390 392
631 632
481 482
545 547
668 670
716 717
394 395
637 643
134 137
857 858
884 885
321 322
800 801
618 619
375 376
398 399
163 165
543 544
961 965
15 18
846 847
512 513
765 769
49 51
270 271
289 290
990 991
144 146
579 580
434 437
31 32
774 781
813 814
958 960
158 160
581 582
523 524
206 207
20 26
84 85
705 709
795 796
138 143
105 108
673 674
904 909
973 974
490 492
686 689
6 8
937 940
246 248
788 789
68 69
494 495
985 988
54 55
609 612
528 529
407 408
46 47
368 371
76 79
151 152
697 698
735 737
285 288
853 856
223 224
353 355
173 175
183 185
386 388
577 578
384 385
10 12
401 402
0 2
912 915
464 465
214 215
660 661
27 30
607 608
797 798
171 172
808 810
589 590
306 307
635 636
525 527
459 461
982 984
651 653
517 518
126 128
684 685
720 721
832 833
510 511
624 625
36 37
762 763
947 949
102 104
837 838
226 227
236 237
86 88
438 443
470 471
759 760
665 666
161 162
993 995
156 157
583 585
595 598
967 968
310 318
273 280
927 928
770 773
879 881
330 331
52 53
873 876
256 257
455 458
188 190
343 344
916 918
681 683
521 522
662 664
628 630
932 934
866 868
91 93
40 44
952 953
782 783
534 535
825 828
894 897
898 901
428 432
382 383
359 363
749 750
945 946
882 883
834 835
977 979
996 999
805 806
231 234
620 622
66 67
403 405
64 65
243 244
168 169
753 758
548 552
180 182
452 454
249 250
147 150
345 350
572 573
418 419
263 264
80 82
415 417
123 124
266 269
675 676
94 95
238 242
335 336
426 427
861 862
297 304
118 119
291 295
337 338
714 715
474 475
710 711
818 824
919 920
599 600
484 487
476 478
447 449
695 696
657 659
633 634
562 563
116 117
553 558
902 903
466 469
615 617
891 892
586 587
699 700
409 410
726 731
422 424
537 542
259 262
799
647
333
830
348
855
508
325
986
313
722
785
113
5
396
377
197
42
923
975
978
983
764
100
831
132
756
507
790
614
680
772
561
515
550
972
70
276
22
815
387
479
551
500
7
640
851
39
870
431
776
694
381
265
400
933
719
964
970
499
652
255
279
212
308
174
21
122
926
448
931
488
450
235
504
505
992
379
111
704
120
728
757
107
702
210
213
771
460
682
272
914
560
34
315
268
658
648
357
792
301
610
274
220
823
63
23
477
787
807
939
247
922
112
741
229
45
724
29
812
251
692
745
729
277
536
863
140
192
519
323
538
360
406
645
1
842
472
786
896
281
340
843
950
546
936
217
380
267
300
332
142
9
230
859
453
284
319
136
19
74
626
43
346
959
656
298
679
352
286
258
425
316
451
25
347
865
232
908
784
423
326
149
369
811
533
209
397
435
849
639
654
556
667
531
203
688
718
822
491
179
145
349
944
989
540
296
779
48
393
730
462
28
768
299
497
802
184
761
309
723
878
194
35
391
867
240
189
439
110
404
820
767
854
850
819
845
663
948
567
642
302
672
24
334
78
895
228
629
239
303
887
893
367
938
880
780
827
342
921
836
56
176
121
708
747
924
951
516
4
278
597
778
877
181
73
821
506
356
441
77
554
436
591
530
734
125
592
606
480
389
913
305
712
41
839
317
370
998
864
569
532
690
733
890
736
605
514
693
219
804
283
748
755
81
860
202
87
186
602
14
420
963
468
89
205
260
421
623
869
971
962
201
440
275
575
604
791
539
139
874
644
38
655
678
549
584
485
154
906
106
966
987
746
905
473
314
727
141
888
463
775
362
594
997
886
103
374
777
193
925
177
109
742
900
707
502
942
691
148
596
11
361
738
713
467
92
50
159
378
167
826
935
33
559
211
641
732
411
541
621
196
429
809
166
803
486
576
613
216
671
254
829
457
493
616
241
574
328
456
90
588
677
907
611
62
483
416
526
638
127
844
954
669
293
351
627
852
233
509
899
282
889
294
320
3
287
225
222
766
969
311
593
13
976
261
312
917
520
208
875
489
706
725
187
83
358
442
292
565
739
412
430
98
135
16
649
75
433
646
170
329
754
570
60
743
994
848
446
245
687
17
178
955
557
650
164
364
354
555
